           1           1   3967.50906851316     
           1           2  -991.876927218764     
           1           3  -991.876927218764     
           1           4   247.969146827338     
           1           5   1983.75385443753     
           1           6  -495.938293654677     
           1           7   1983.75385443753     
           1           8  -495.938293654677     
           1           9   991.876587309354     
           2           1  -991.876927218764     
           2           2   3967.50906851316     
           2           3   247.969146827338     
           2           4  -991.876927218764     
           2           5   1983.75385443753     
           2           6   1983.75385443753     
           2           7  -495.938293654677     
           2           8  -495.938293654677     
           2           9   991.876587309354     
           3           1  -991.876927218764     
           3           2   247.969146827338     
           3           3   3967.50906851316     
           3           4  -991.876927218764     
           3           5  -495.938293654677     
           3           6  -495.938293654677     
           3           7   1983.75385443753     
           3           8   1983.75385443753     
           3           9   991.876587309354     
           4           1   247.969146827338     
           4           2  -991.876927218764     
           4           3  -991.876927218764     
           4           4   3967.50906851316     
           4           5  -495.938293654677     
           4           6   1983.75385443753     
           4           7  -495.938293654677     
           4           8   1983.75385443753     
           4           9   991.876587309354     
           5           1   1983.75385443753     
           5           2   1983.75385443753     
           5           3  -495.938293654677     
           5           4  -495.938293654677     
           5           5   15870.0344019673     
           5           6   991.876587309354     
           5           7   991.876587309354     
           5           8  -3967.50724085388     
           5           9   7935.01448170776     
           6           1  -495.938293654677     
           6           2   1983.75385443753     
           6           3  -495.938293654677     
           6           4   1983.75385443753     
           6           5   991.876587309354     
           6           6   15870.0344019673     
           6           7  -3967.50724085388     
           6           8   991.876587309354     
           6           9   7935.01448170777     
           7           1   1983.75385443753     
           7           2  -495.938293654677     
           7           3   1983.75385443753     
           7           4  -495.938293654677     
           7           5   991.876587309354     
           7           6  -3967.50724085388     
           7           7   15870.0344019673     
           7           8   991.876587309354     
           7           9   7935.01448170777     
           8           1  -495.938293654677     
           8           2  -495.938293654677     
           8           3   1983.75385443753     
           8           4   1983.75385443753     
           8           5  -3967.50724085388     
           8           6   991.876587309354     
           8           7   991.876587309354     
           8           8   15870.0344019673     
           8           9   7935.01448170776     
           9           1   991.876587309354     
           9           2   991.876587309354     
           9           3   991.876587309354     
           9           4   991.876587309354     
           9           5   7935.01448170776     
           9           6   7935.01448170777     
           9           7   7935.01448170777     
           9           8   7935.01448170776     
           9           9   63480.1301195288     
