           1           1   4.64344980446090     
           1           2 -0.248755969071031     
           1           3 -0.248755969071031     
           1           4 -0.165837471957013     
           1           5  -1.49253790651160     
           1           6  0.829187234583336     
           1           7  -1.49253790651160     
           1           8  0.829187234583336     
           1           9  -2.65339905050530     
           2           1 -0.248755969071031     
           2           2   4.64344980446090     
           2           3 -0.165837471957013     
           2           4 -0.248755969071031     
           2           5  -1.49253790651160     
           2           6  -1.49253790651160     
           2           7  0.829187234583336     
           2           8  0.829187234583336     
           2           9  -2.65339905050530     
           3           1 -0.248755969071031     
           3           2 -0.165837471957013     
           3           3   4.64344980446090     
           3           4 -0.248755969071031     
           3           5  0.829187234583336     
           3           6  0.829187234583336     
           3           7  -1.49253790651160     
           3           8  -1.49253790651160     
           3           9  -2.65339905050530     
           4           1 -0.165837471957013     
           4           2 -0.248755969071031     
           4           3 -0.248755969071031     
           4           4   4.64344980446090     
           4           5  0.829187234583336     
           4           6  -1.49253790651160     
           4           7  0.829187234583336     
           4           8  -1.49253790651160     
           4           9  -2.65339905050530     
           5           1  -1.49253790651160     
           5           2  -1.49253790651160     
           5           3  0.829187234583336     
           5           4  0.829187234583336     
           5           5   14.5936984330209     
           5           6  -2.65339905050529     
           5           7  -2.65339905050529     
           5           8  5.485522845002724E-007
           5           9  -7.96019953670607     
           6           1  0.829187234583336     
           6           2  -1.49253790651160     
           6           3  0.829187234583336     
           6           4  -1.49253790651160     
           6           5  -2.65339905050529     
           6           6   14.5936984330209     
           6           7  5.485522845261638E-007
           6           8  -2.65339905050529     
           6           9  -7.96019953670607     
           7           1  -1.49253790651160     
           7           2  0.829187234583336     
           7           3  -1.49253790651160     
           7           4  0.829187234583336     
           7           5  -2.65339905050529     
           7           6  5.485522845261638E-007
           7           7   14.5936984330209     
           7           8  -2.65339905050529     
           7           9  -7.96019953670607     
           8           1  0.829187234583336     
           8           2  0.829187234583336     
           8           3  -1.49253790651160     
           8           4  -1.49253790651160     
           8           5  5.485522845002724E-007
           8           6  -2.65339905050529     
           8           7  -2.65339905050529     
           8           8   14.5936984330209     
           8           9  -7.96019953670607     
           9           1  -2.65339905050530     
           9           2  -2.65339905050530     
           9           3  -2.65339905050530     
           9           4  -2.65339905050530     
           9           5  -7.96019953670607     
           9           6  -7.96019953670607     
           9           7  -7.96019953670607     
           9           8  -7.96019953670607     
           9           9   42.4543943488453     
