           1           1  0.286132227857243     
           1           2 -0.393431813964069     
           1           3 -0.393431813964069     
           1           4  0.178832587584708     
           1           5 -0.214599195406819     
           1           6 -0.107299555134285     
           1           7 -0.214599195406819     
           1           8 -0.107299555134285     
           1           9 -0.286132129801693     
           2           1 -0.393431813964069     
           2           2   3.29052207064031     
           2           3  0.178832587584708     
           2           4  -1.14452901726389     
           2           5   1.78832645126309     
           2           6   1.28759521119283     
           2           7 -0.107299555134285     
           2           8 -0.608030795204548     
           2           9  0.715330350338833     
           3           1 -0.393431813964069     
           3           2  0.178832587584708     
           3           3   3.29052207064031     
           3           4  -1.14452901726389     
           3           5 -0.107299555134285     
           3           6 -0.608030795204548     
           3           7   1.78832645126309     
           3           8   1.28759521119283     
           3           9  0.715330350338832     
           4           1  0.178832587584708     
           4           2  -1.14452901726389     
           4           3  -1.14452901726389     
           4           4   6.29491191342337     
           4           5 -0.608030795204548     
           4           6   3.29052085786274     
           4           7 -0.608030795204548     
           4           8   3.29052085786275     
           4           9   1.71679283047936     
           5           1 -0.214599195406819     
           5           2   1.78832645126309     
           5           3 -0.107299555134285     
           5           4 -0.608030795204548     
           5           5   5.15038103749618     
           5           6  0.715330350338832     
           5           7 -0.286132129801694     
           5           8  -2.57518979228932     
           5           9   1.14452876378313     
           6           1 -0.107299555134285     
           6           2   1.28759521119283     
           6           3 -0.608030795204548     
           6           4   3.29052085786274     
           6           5  0.715330350338832     
           6           6   17.1679389909948     
           6           7  -2.57518979228932     
           6           8   1.71679283047936     
           6           9   9.15623040537416     
           7           1 -0.214599195406819     
           7           2 -0.107299555134285     
           7           3   1.78832645126309     
           7           4 -0.608030795204548     
           7           5 -0.286132129801694     
           7           6  -2.57518979228932     
           7           7   5.15038103749618     
           7           8  0.715330350338832     
           7           9   1.14452876378314     
           8           1 -0.107299555134285     
           8           2 -0.608030795204548     
           8           3   1.28759521119283     
           8           4   3.29052085786275     
           8           5  -2.57518979228932     
           8           6   1.71679283047936     
           8           7  0.715330350338832     
           8           8   17.1679389909948     
           8           9   9.15623040537416     
           9           1 -0.286132129801694     
           9           2  0.715330350338832     
           9           3  0.715330350338833     
           9           4   1.71679283047936     
           9           5   1.14452876378314     
           9           6   9.15623040537416     
           9           7   1.14452876378314     
           9           8   9.15623040537416     
           9           9   36.6249288738982     
